53 
                                                    
                                                    
                                                    
                                                    
                                                    
                                                    
                                                    
                                                    
                                                    
    2                                 2  000        
  0000    0    2       22            0000      2    
0011110 001000011110 001000011110 001000011110 00100
1111111011111111111101111111111110111111111111011111
1111111111111111111111111111111111111111111111111111
