53 
                                                    
                                                    
                                                    
                                                    
                                                    
                                                    
                                                    
                                                    
                                                    
    2                                 2  000        
  0000    0    2       22   0000     0000      2 0  
0011110 001000000000 000000011110 000111100000 00100
1111111011111111111101111111111110111111111111011111
1111111111111111111111111111111111111111111111111111
