89 
                                                                                        
                                                                                        
                                                                                        
                                                                                        
                                                                                        
                                                        2                               
                                                        00                              
                                                      2011                             0
                                                      0111                             1
           22       2                               00111                        0     1
    2   20000000  000   00000  22       0      0000011111       22        22     1 2   1
00000000011111110011100011111000000     100000011111111110000000000000000000000001000001
11111111111111111111111111111111111     111111111111111111111111111111111111111111111111
11111111111111111111111111111111111     111111111111111111111111111111111111111111111111